Reordering  of  the  dof  for  the  reference  wedge  of  order  p=1
1 2 3 4 5 6 

Reordering  of  the  dof  for  the  reference  wedge  of  order  p=2
1 3 2 9 13 14 7 17 18 10 11 12 8 16 15 4 6 5

Reordering  of  the  dof  for  the  reference  wedge  of  order  p=3
1 3 4 2 34 35 7 5 38 25 26 27 9 11 12 10 36 37 8 6 39 28 29 30 21 22 23 24 40 31 32 33 20 19 18 17 13 15 16 14

Reordering  of  the  dof  for  the  reference  wedge  of  order  p=4
27 30 31 29 28 37 38 32 48 49 34 41 50 59 6 67 64 60 8 7 1 65 66 5 4 39 40 33 51 52 36 42 53 54 55 68 75 61 56 57 2 3 62 63 58 35 43 44 45 18 69 70 71 26 20 72 73 74 25 19 46 47 17 21 22 14 15 16 23 24 9 12 13 11 10

Reordering  of  the  dof  for  the  reference  wedge  of  order  p=5
13 14 19 20 8 7 15 17 21 22 11 9 25 26 27 28 29 32 5 6 30 31 4 3 84 101 85 86 87 88 39 40 42 41 38 37 16 18 24 23 12 10 89 90 91 107 108 109 92 93 94 102 110 111 95 96 97 103 104 105 43 44 45 69 70 71 98 99 100 106 112 113 33 34 116 117 2 1 77 78 114 118 119 120 35 36 72 73 47 46 79 83 115 121 122 126 80 81 82 123 124 125 74 76 75 68 66 67 57 59 60 61 53 51 56 58 62 63 52 50 54 55 65 64 49 48

Reordering  of  the  dof  for  the  reference  wedge  of  order  p=6
41 42 43 52 49 34 33 45 46 44 50 51 37 35 40 47 48 60 63 64 65 140 141 142 143 69 27 26 4 5 6 144 145 146 147 22 25 23 24 11 10 9 12 13 14 21 20 8 7 53 54 55 56 39 38 36 57 58 59 61 66 67 68 163 164 165 166 70 29 28 174 175 176 167 148 149 150 177 178 179 168 151 152 162 17 18 19 153 154 155 156 30 31 32 62 131 132 133 182 183 184 185 134 135 136 1 2 3 186 187 137 138 180 181 169 173 130 129 128 15 16 157 158 110 107 105 188 189 190 191 139 72 71 192 196 193 194 127 74 73 170 171 172 195 126 118 125 159 160 161 104 108 109 106 75 76 77 103 119 120 121 97 98 111 112 122 123 124 85 92 113 114 115 116 117 99 102 100 101 84 83 81 90 91 89 93 94 82 80 86 87 88 96 95 79 78 

Reordering  of  the  dof  for  the  reference  wedge  of  order  p=7
40 41 42 64 65 54 53 52 44 45 43 66 67 55 56 57 39 81 82 101 73 74 75 51 83 84 22 85 86 29 76 77 20 23 26 87 88 34 33 30 21 24 25 19 89 90 32 31 201 202 203 204 205 206 207 233 162 163 164 174 175 153 152 151 47 48 50 46 68 69 61 62 49 91 92 93 78 80 79 63 94 95 96 97 246 247 248 249 27 28 208 209 235 250 251 252 210 211 212 213 236 234 253 254 214 215 216 217 218 237 238 245 170 172 171 165 176 181 157 158 37 38 70 71 72 60 59 58 98 99 100 36 255 256 257 262 17 18 219 239 240 11 10 7 220 221 222 102 264 265 9 8 168 169 194 195 263 266 267 288 166 167 173 177 178 156 155 154 223 224 225 35 258 259 260 261 226 227 228 241 242 16 12 13 229 230 231 103 268 269 14 15 182 183 196 200 270 271 272 273 193 184 185 161 179 180 159 160 106 107 232 243 244 5 2 1 108 109 197 274 275 6 4 3 110 111 198 199 276 277 278 279 104 105 186 187 188 150 149 148 139 147 140 138 280 281 282 283 141 142 143 137 284 285 286 287 144 145 146 136 189 190 191 192 126 127 129 130 131 120 118 117 124 125 128 132 133 119 116 115 121 122 123 134 135 114 113 112

Reordering  of  the  dof  for  the  reference  wedge  of  order  p=8
38 39 40 56 68 16 15 14 13 42 43 41 57 58 17 18 19 20 37 44 51 54 59 60 21 12 11 50 52 53 31 32 100 101 102 103 33 34 375 376 377 378 82 81 80 379 380 381 269 270 382 383 384 405 232 233 289 290 283 284 278 277 276 234 235 236 291 292 282 279 280 281 230 231 293 294 273 274 275 272 271 45 46 49 61 62 30 22 23 24 47 48 55 63 64 65 27 25 26 69 70 71 104 105 106 107 108 109 72 73 385 386 387 388 87 85 86 389 390 391 392 393 394 346 347 358 239 240 306 295 285 288 307 308 345 252 253 264 296 297 286 309 310 311 254 255 263 298 299 287 312 313 314 35 36 66 67 8 28 29 10 9 74 79 75 110 111 112 113 114 115 3 4 116 117 88 95 96 84 83 395 396 397 398 399 348 349 359 360 237 238 300 301 267 315 316 138 137 256 260 302 303 268 317 318 142 147 245 246 304 305 266 319 320 131 130 76 77 78 118 119 127 120 121 122 5 6 7 123 124 94 97 98 99 400 401 402 350 351 352 361 362 363 257 261 265 321 322 323 141 140 139 258 259 262 324 325 326 148 143 144 247 248 249 327 328 329 134 133 132 1 2 125 126 91 92 93 90 89 403 404 353 354 374 364 365 366 367 241 242 330 331 204 215 229 136 135 250 251 332 333 205 216 217 145 146 243 244 334 335 203 218 219 129 128 355 356 357 368 369 370 371 372 373 336 337 338 214 212 213 220 221 222 339 340 341 206 207 208 223 224 225 342 343 344 209 210 211 226 227 228 149 150 191 192 166 187 188 168 167 160 161 165 193 194 189 186 181 182 151 158 159 195 196 180 179 170 169 162 163 164 197 198 190 183 184 185 156 157 155 199 200 175 176 177 178 152 153 154 201 202 174 173 172 171

Reordering  of  the  dof  for  the  reference  wedge  of  order  p=9
288 289 290 291 310 311 261 260 259 258 293 295 294 292 312 324 262 270 271 275 286 287 304 305 309 313 314 315 267 266 334 335 336 279 281 282 280 351 352 353 232 233 354 355 356 366 357 358 221 220 249 359 360 226 228 229 227 230 231 225 243 244 361 362 367 397 398 399 224 222 245 246 247 238 400 401 166 402 403 223 241 242 248 404 405 180 181 182 406 407 239 240 408 409 169 173 174 172 171 170 296 297 298 303 316 317 263 272 273 274 299 300 306 307 308 318 319 320 269 268 337 338 339 325 326 327 321 368 369 370 236 237 363 364 365 371 372 373 374 375 521 522 523 524 525 526 376 377 378 379 527 528 529 530 531 532 410 411 380 381 485 486 487 533 534 535 168 412 413 414 426 427 428 520 425 183 184 185 415 416 429 430 431 417 179 178 175 186 187 194 284 285 301 302 283 322 323 278 265 264 340 350 341 328 329 330 277 382 383 396 234 235 342 343 250 384 385 386 202 201 536 537 538 539 540 541 195 214 215 213 4 5 9 10 1 542 543 418 208 207 501 502 484 488 544 545 167 419 420 421 19 20 432 433 177 188 189 190 160 159 17 18 434 435 176 191 192 193 158 157 344 345 346 333 331 332 276 387 388 389 347 348 349 257 256 390 391 392 204 203 546 547 548 489 490 491 198 216 217 211 6 7 8 503 504 492 436 437 210 209 505 506 507 493 494 495 438 439 422 423 21 24 26 440 441 442 443 444 163 161 22 23 25 445 446 447 152 164 165 162 251 252 254 255 253 393 394 395 200 199 549 550 496 497 448 449 197 219 218 212 2 3 508 509 32 450 451 452 206 205 510 511 512 513 135 136 34 453 454 424 15 16 27 28 12 455 456 457 156 155 13 14 29 30 11 458 459 460 154 153 498 500 499 483 461 462 196 463 464 465 514 519 515 134 33 466 467 468 469 470 516 517 518 137 138 139 35 471 472 473 140 141 142 143 144 145 120 474 475 476 146 151 147 148 149 150 74 477 478 479 55 56 126 133 31 480 481 482 78 77 57 58 59 127 128 129 121 125 80 79 60 61 68 69 37 122 123 124 82 81 38 39 70 71 36 108 109 107 76 75 62 67 63 130 131 132 97 98 99 106 64 65 66 72 110 111 96 100 101 102 52 53 54 73 112 113 95 103 104 105 46 47 49 51 114 115 94 92 90 89 44 45 48 50 116 117 93 91 88 87 40 41 42 43 119 118 86 85 84 83

Reordering  of  the  dof  for  the  reference  wedge  of  order  p=10
56 57 58 109 120 83 84 85 82 81 80 60 61 59 71 110 111 86 87 96 97 98 55 62 69 70 52 112 113 105 104 90 89 186 187 188 189 190 191 79 121 122 123 124 151 152 170 171 146 192 193 135 44 43 42 153 154 155 216 217 218 39 653 654 655 673 149 150 219 220 35 656 657 658 12 11 10 593 594 595 596 674 675 1 28 33 16 17 291 292 296 297 288 688 689 690 15 14 13 293 294 295 303 304 305 281 691 692 693 694 289 290 306 307 278 279 283 284 272 271 270 63 64 67 72 114 115 88 102 99 100 101 65 66 68 73 76 116 117 106 103 94 95 194 195 196 197 198 199 108 125 126 127 128 163 168 172 173 148 200 201 133 50 48 49 164 165 169 221 222 223 41 659 660 661 662 166 167 224 225 37 663 664 665 27 21 26 597 598 599 600 676 677 3 29 30 22 23 318 319 320 302 301 695 696 697 20 18 19 321 322 323 308 309 310 282 698 699 700 701 324 325 326 311 312 317 280 285 286 276 277 53 54 74 75 51 118 119 107 93 92 91 202 215 203 204 205 206 78 129 130 131 132 158 159 174 175 147 207 208 134 47 46 45 160 161 162 226 227 228 40 666 667 668 669 156 157 229 237 36 670 671 672 6 5 4 601 602 603 604 678 679 2 31 32 24 25 250 251 327 328 299 702 703 704 9 8 7 255 260 329 330 300 313 314 705 706 707 708 243 244 331 332 298 315 316 287 275 274 273 209 210 211 212 213 214 77 605 606 607 608 176 184 177 178 185 609 610 611 612 613 614 179 180 181 230 231 615 616 680 681 682 687 182 183 232 233 38 683 684 685 709 710 711 617 618 619 620 621 686 712 713 714 715 716 252 253 254 333 340 717 718 719 720 721 726 256 257 261 334 335 336 269 722 723 724 725 245 246 247 337 338 339 268 562 563 564 592 138 139 141 142 140 622 623 624 349 348 347 143 144 145 234 625 626 346 355 356 353 354 136 137 235 236 34 627 628 357 352 351 350 629 630 631 632 633 634 341 524 525 526 527 248 249 262 267 239 565 566 567 483 482 481 258 259 263 264 240 568 569 570 495 496 497 241 242 265 266 238 571 572 573 473 472 471 635 636 637 638 639 640 345 528 529 530 531 641 652 642 643 644 645 358 532 533 534 561 646 647 648 649 650 651 344 535 536 537 538 574 575 576 577 578 579 539 540 494 492 493 580 581 582 583 584 585 470 498 499 500 501 586 587 588 589 590 591 469 479 480 477 478 361 362 364 365 363 541 542 543 486 485 484 366 367 368 452 544 545 343 546 547 490 491 359 360 453 454 369 548 549 550 489 488 487 455 456 457 376 375 505 506 507 502 503 504 370 371 373 374 372 508 509 510 476 475 474 458 459 460 461 551 552 342 553 554 511 512 462 468 463 464 442 555 556 557 513 514 523 465 466 467 443 444 445 404 515 516 517 518 446 451 447 448 449 450 403 519 520 521 522 379 380 398 401 377 558 559 560 418 417 416 389 390 394 399 402 432 433 430 429 419 420 381 388 395 396 378 434 435 431 428 415 414 391 392 393 400 436 437 413 427 421 422 423 386 387 385 397 438 439 411 412 424 425 426 382 383 384 440 441 408 409 410 407 406 405 
