String = 6.4333 1.817415e-07 7850 1.794274e+02 2.02e+11 2.628442e-15 8.000000e+10 0.8500
String = 6.0855 1.380508e-06 7850 1.368898e+03 2.02e+11 1.516589e-13 8.000000e+10 0.8500
String = 5.7565 2.041098e-06 7850 2.032815e+03 2.02e+11 3.315263e-13 8.000000e+10 0.8500
String = 5.4454 2.344194e-06 7850 2.344948e+03 2.02e+11 4.372976e-13 8.000000e+10 0.8500
String = 5.1511 2.420791e-06 7850 2.432244e+03 2.02e+11 4.663422e-13 8.000000e+10 0.8500
String = 4.8727 2.364004e-06 7850 2.385680e+03 2.02e+11 4.447197e-13 8.000000e+10 0.8500
String = 4.6094 2.238350e-06 7850 2.268875e+03 2.02e+11 3.986999e-13 8.000000e+10 0.8500
String = 4.3603 2.087026e-06 7850 2.124874e+03 2.02e+11 3.466138e-13 8.000000e+10 0.8500
String = 4.1247 1.937557e-06 7850 1.981467e+03 2.02e+11 2.987440e-13 8.000000e+10 0.8500
String = 3.9019 1.806161e-06 7850 1.855325e+03 2.02e+11 2.595989e-13 8.000000e+10 0.8500
String = 3.6911 1.701078e-06 7850 1.755187e+03 2.02e+11 2.302705e-13 8.000000e+10 0.8500
String = 3.4917 1.625096e-06 7850 1.684295e+03 2.02e+11 2.101591e-13 8.000000e+10 0.8500
String = 3.3032 1.577432e-06 7850 1.642231e+03 2.02e+11 1.980121e-13 8.000000e+10 0.8500
String = 3.1248 1.555120e-06 7850 1.626282e+03 2.02e+11 1.924500e-13 8.000000e+10 0.8500
String = 2.9560 1.554005e-06 7850 1.632441e+03 2.02e+11 1.921741e-13 8.000000e+10 0.8500
String = 2.7964 1.569453e-06 7850 1.656116e+03 2.02e+11 1.960138e-13 8.000000e+10 0.8500
String = 2.6454 1.596825e-06 7850 1.692629e+03 2.02e+11 2.029107e-13 8.000000e+10 0.8500
String = 2.5026 1.631789e-06 7850 1.737539e+03 2.02e+11 2.118937e-13 8.000000e+10 0.8500
String = 2.3675 1.670500e-06 7850 1.786849e+03 2.02e+11 2.220667e-13 8.000000e+10 0.8500
String = 2.2397 1.709701e-06 7850 1.837117e+03 2.02e+11 2.326112e-13 8.000000e+10 0.8500
String = 1.8413 9.962310e-07 7850 8.121223e+02 2.02e+11 7.897874e-14 8.000000e+10 0.8500
String = 1.7439 1.019558e-06 7850 8.368320e+02 2.02e+11 8.272066e-14 8.000000e+10 0.8500
String = 1.6517 1.039830e-06 7850 8.593378e+02 2.02e+11 8.604288e-14 8.000000e+10 0.8500
String = 1.5644 1.056436e-06 7850 8.790830e+02 2.02e+11 8.881293e-14 8.000000e+10 0.8500
String = 1.4817 1.069002e-06 7850 8.956970e+02 2.02e+11 9.093840e-14 8.000000e+10 0.8500
String = 1.4033 1.077362e-06 7850 9.089715e+02 2.02e+11 9.236629e-14 8.000000e+10 0.8500
String = 1.3292 1.081517e-06 7850 9.188365e+02 2.02e+11 9.308004e-14 8.000000e+10 0.8500
String = 1.2590 1.081602e-06 7850 9.253363e+02 2.02e+11 9.309478e-14 8.000000e+10 0.8500
String = 1.1925 1.077860e-06 7850 9.286065e+02 2.02e+11 9.245161e-14 8.000000e+10 0.8500
String = 1.1295 1.070605e-06 7850 9.288529e+02 2.02e+11 9.121126e-14 8.000000e+10 0.8500
String = 1.0699 1.060206e-06 7850 9.263324e+02 2.02e+11 8.944794e-14 8.000000e+10 0.8500
String = 1.0134 1.047060e-06 7850 9.213365e+02 2.02e+11 8.724360e-14 8.000000e+10 0.8500
String = 0.9599 1.031580e-06 7850 9.141764e+02 2.02e+11 8.468291e-14 8.000000e+10 0.8500
String = 0.9093 1.014173e-06 7850 9.051715e+02 2.02e+11 8.184917e-14 8.000000e+10 0.8500
String = 0.8613 9.952367e-07 7850 8.946391e+02 2.02e+11 7.882117e-14 8.000000e+10 0.8500
String = 0.8159 9.751455e-07 7850 8.828862e+02 2.02e+11 7.567092e-14 8.000000e+10 0.8500
String = 0.7729 9.542466e-07 7850 8.702036e+02 2.02e+11 7.246217e-14 8.000000e+10 0.8500
String = 0.7321 9.328546e-07 7850 8.568613e+02 2.02e+11 6.924972e-14 8.000000e+10 0.8500
String = 0.6935 9.112498e-07 7850 8.431049e+02 2.02e+11 6.607924e-14 8.000000e+10 0.8500
String = 0.6570 8.896764e-07 7850 8.291543e+02 2.02e+11 6.298749e-14 8.000000e+10 0.8500
String = 0.6224 8.683429e-07 7850 8.152018e+02 2.02e+11 6.000295e-14 8.000000e+10 0.8500
String = 0.5896 8.474227e-07 7850 8.014127e+02 2.02e+11 5.714659e-14 8.000000e+10 0.8500
String = 0.5586 8.270561e-07 7850 7.879253e+02 2.02e+11 5.443272e-14 8.000000e+10 0.8500
String = 0.5292 8.073522e-07 7850 7.748521e+02 2.02e+11 5.186999e-14 8.000000e+10 0.8500
String = 0.5013 7.883915e-07 7850 7.622814e+02 2.02e+11 4.946226e-14 8.000000e+10 0.8500
String = 0.4750 7.702286e-07 7850 7.502787e+02 2.02e+11 4.720951e-14 8.000000e+10 0.8500
String = 0.4500 7.528953e-07 7850 7.388890e+02 2.02e+11 4.510860e-14 8.000000e+10 0.8500
String = 0.4263 7.364031e-07 7850 7.281385e+02 2.02e+11 4.315403e-14 8.000000e+10 0.8500
String = 0.4039 7.207462e-07 7850 7.180369e+02 2.02e+11 4.133852e-14 8.000000e+10 0.8500
String = 0.3827 7.059045e-07 7850 7.085796e+02 2.02e+11 3.965354e-14 8.000000e+10 0.8500
String = 0.3626 6.918456e-07 7850 6.997496e+02 2.02e+11 3.808979e-14 8.000000e+10 0.8500
String = 0.3435 6.785280e-07 7850 6.915196e+02 2.02e+11 3.663749e-14 8.000000e+10 0.8500
String = 0.3255 6.659025e-07 7850 6.838537e+02 2.02e+11 3.528673e-14 8.000000e+10 0.8500
String = 0.3084 6.539148e-07 7850 6.767096e+02 2.02e+11 3.402769e-14 8.000000e+10 0.8500
String = 0.2922 6.425071e-07 7850 6.700396e+02 2.02e+11 3.285080e-14 8.000000e+10 0.8500
String = 0.2769 6.316194e-07 7850 6.637924e+02 2.02e+11 3.174688e-14 8.000000e+10 0.8500
String = 0.2624 6.211915e-07 7850 6.579147e+02 2.02e+11 3.070726e-14 8.000000e+10 0.8500
String = 0.2486 6.111634e-07 7850 6.523518e+02 2.02e+11 2.972383e-14 8.000000e+10 0.8500
String = 0.2356 6.014771e-07 7850 6.470490e+02 2.02e+11 2.878912e-14 8.000000e+10 0.8500
String = 0.2232 5.920767e-07 7850 6.419526e+02 2.02e+11 2.789627e-14 8.000000e+10 0.8500
String = 0.2115 5.829094e-07 7850 6.370102e+02 2.02e+11 2.703910e-14 8.000000e+10 0.8500
String = 0.2004 5.739260e-07 7850 6.321718e+02 2.02e+11 2.621211e-14 8.000000e+10 0.8500
String = 0.1899 5.650812e-07 7850 6.273899e+02 2.02e+11 2.541042e-14 8.000000e+10 0.8500
String = 0.1800 5.563338e-07 7850 6.226204e+02 2.02e+11 2.462981e-14 8.000000e+10 0.8500
String = 0.1706 5.476469e-07 7850 6.178223e+02 2.02e+11 2.386664e-14 8.000000e+10 0.8500
String = 0.1616 5.389879e-07 7850 6.129584e+02 2.02e+11 2.311789e-14 8.000000e+10 0.8500
String = 0.1532 5.303287e-07 7850 6.079953e+02 2.02e+11 2.238105e-14 8.000000e+10 0.8500
String = 0.1452 5.216454e-07 7850 6.029034e+02 2.02e+11 2.165414e-14 8.000000e+10 0.8500
String = 0.1376 5.129181e-07 7850 5.976570e+02 2.02e+11 2.093564e-14 8.000000e+10 0.8500
String = 0.1304 5.041310e-07 7850 5.922340e+02 2.02e+11 2.022446e-14 8.000000e+10 0.8500
String = 0.1236 4.952719e-07 7850 5.866163e+02 2.02e+11 1.951989e-14 8.000000e+10 0.8500
String = 0.1171 4.863320e-07 7850 5.807892e+02 2.02e+11 1.882157e-14 8.000000e+10 0.8500
String = 0.1110 4.773061e-07 7850 5.747415e+02 2.02e+11 1.812943e-14 8.000000e+10 0.8500
String = 0.1052 4.681914e-07 7850 5.684653e+02 2.02e+11 1.744364e-14 8.000000e+10 0.8500
String = 0.0997 4.589883e-07 7850 5.619556e+02 2.02e+11 1.676461e-14 8.000000e+10 0.8500
String = 0.0945 4.496993e-07 7850 5.552105e+02 2.02e+11 1.609291e-14 8.000000e+10 0.8500
String = 0.0896 4.403291e-07 7850 5.482304e+02 2.02e+11 1.542925e-14 8.000000e+10 0.8500
String = 0.0849 4.308842e-07 7850 5.410184e+02 2.02e+11 1.477445e-14 8.000000e+10 0.8500
String = 0.0805 4.213728e-07 7850 5.335796e+02 2.02e+11 1.412938e-14 8.000000e+10 0.8500
String = 0.0763 4.118043e-07 7850 5.259211e+02 2.02e+11 1.349497e-14 8.000000e+10 0.8500
String = 0.0723 4.021895e-07 7850 5.180517e+02 2.02e+11 1.287216e-14 8.000000e+10 0.8500
String = 0.0686 3.925397e-07 7850 5.099817e+02 2.02e+11 1.226189e-14 8.000000e+10 0.8500
String = 0.0650 3.828671e-07 7850 5.017229e+02 2.02e+11 1.166504e-14 8.000000e+10 0.8500
String = 0.0616 3.731845e-07 7850 4.932878e+02 2.02e+11 1.108249e-14 8.000000e+10 0.8500
String = 0.0584 3.635048e-07 7850 4.846901e+02 2.02e+11 1.051503e-14 8.000000e+10 0.8500
String = 0.0554 3.538410e-07 7850 4.759442e+02 2.02e+11 9.963376e-15 8.000000e+10 0.8500
String = 0.0525 3.442065e-07 7850 4.670650e+02 2.02e+11 9.428188e-15 8.000000e+10 0.8500
String = 0.0498 3.346141e-07 7850 4.580679e+02 2.02e+11 8.910020e-15 8.000000e+10 0.8500
