String = 2.0290 1.143415e-06 7.891749e+04 1.128856e+03 2.02e+11 1.040395e-13 8e+10 0.85
String = 2.0230 1.415683e-06 7.103486e+04 1.403777e+03 2.02e+11 1.594858e-13 8e+10 0.85
String = 2.0180 1.607652e-06 6.387795e+04 1.601127e+03 2.02e+11 2.056715e-13 8e+10 0.85
String = 2.0070 1.721115e-06 5.778735e+04 1.721669e+03 2.02e+11 2.357273e-13 8e+10 0.85
String = 1.9970 1.779395e-06 5.222877e+04 1.787813e+03 2.02e+11 2.519620e-13 8e+10 0.85
String = 1.9810 1.781706e-06 4.749409e+04 1.798043e+03 2.02e+11 2.526168e-13 8e+10 0.85
String = 1.9650 1.749413e-06 4.319468e+04 1.773270e+03 2.02e+11 2.435425e-13 8e+10 0.85
String = 1.9380 1.673139e-06 3.973735e+04 1.703481e+03 2.02e+11 2.227687e-13 8e+10 0.85
String = 1.9110 1.581785e-06 3.657130e+04 1.617633e+03 2.02e+11 1.991064e-13 8e+10 0.85
String = 1.8790 1.475045e-06 3.385072e+04 1.515196e+03 2.02e+11 1.731413e-13 8e+10 0.85
String = 1.8420 1.360452e-06 3.152145e+04 1.403726e+03 2.02e+11 1.472843e-13 8e+10 0.85
String = 1.8050 1.251256e-06 2.937644e+04 1.296837e+03 2.02e+11 1.245899e-13 8e+10 0.85
String = 1.7620 1.143368e-06 2.758763e+04 1.190336e+03 2.02e+11 1.040309e-13 8e+10 0.85
String = 1.7090 1.035971e-06 2.624334e+04 1.083377e+03 2.02e+11 8.540539e-14 8e+10 0.85
String = 1.6550 9.429344e-07 2.504313e+04 9.905276e+02 2.02e+11 7.075434e-14 8e+10 0.85
String = 1.6020 8.668002e-07 2.391913e+04 9.146638e+02 2.02e+11 5.978994e-14 8e+10 0.85
String = 1.5480 8.048044e-07 2.292549e+04 8.530897e+02 2.02e+11 5.154314e-14 8e+10 0.85
String = 1.4950 7.579922e-07 2.199747e+04 8.071149e+02 2.02e+11 4.572141e-14 8e+10 0.85
String = 1.4420 7.238171e-07 2.116039e+04 7.742303e+02 2.02e+11 4.169153e-14 8e+10 0.85
String = 1.3780 6.894872e-07 2.073764e+04 7.408713e+02 2.02e+11 3.783054e-14 8e+10 0.85
String = 1.8370 9.798362e-07 7.887013e+03 7.987573e+02 2.02e+11 7.640065e-14 8e+10 0.85
String = 1.7570 9.638048e-07 7.733581e+03 7.910710e+02 2.02e+11 7.392109e-14 8e+10 0.85
String = 1.6600 9.350939e-07 7.771619e+03 7.727815e+02 2.02e+11 6.958258e-14 8e+10 0.85
String = 1.5910 9.414515e-07 7.589287e+03 7.834022e+02 2.02e+11 7.053197e-14 8e+10 0.85
String = 1.4817 9.003201e-07 7.850000e+03 7.543614e+02 2.02e+11 6.450360e-14 8e+10 0.85
String = 1.4033 8.941781e-07 7.850000e+03 7.544189e+02 2.02e+11 6.362652e-14 8e+10 0.85
String = 1.3292 8.902015e-07 7.850000e+03 7.562987e+02 2.02e+11 6.306186e-14 8e+10 0.85
String = 1.2590 8.872060e-07 7.850000e+03 7.590257e+02 2.02e+11 6.263817e-14 8e+10 0.85
String = 1.1925 8.843241e-07 7.850000e+03 7.618703e+02 2.02e+11 6.223190e-14 8e+10 0.85
String = 1.1295 8.809526e-07 7.850000e+03 7.643114e+02 2.02e+11 6.175828e-14 8e+10 0.85
String = 1.0699 8.767038e-07 7.850000e+03 7.660016e+02 2.02e+11 6.116401e-14 8e+10 0.85
String = 1.0134 8.713627e-07 7.850000e+03 7.667353e+02 2.02e+11 6.042102e-14 8e+10 0.85
String = 0.9599 8.648480e-07 7.850000e+03 7.664203e+02 2.02e+11 5.952093e-14 8e+10 0.85
String = 0.9093 8.571798e-07 7.850000e+03 7.650517e+02 2.02e+11 5.847012e-14 8e+10 0.85
String = 0.8613 8.484510e-07 7.850000e+03 7.626903e+02 2.02e+11 5.728536e-14 8e+10 0.85
String = 0.8159 8.388036e-07 7.850000e+03 7.594437e+02 2.02e+11 5.599003e-14 8e+10 0.85
String = 0.7729 8.284100e-07 7.850000e+03 7.554498e+02 2.02e+11 5.461108e-14 8e+10 0.85
String = 0.7321 8.174569e-07 7.850000e+03 7.508642e+02 2.02e+11 5.317651e-14 8e+10 0.85
String = 0.6935 8.061335e-07 7.850000e+03 7.458495e+02 2.02e+11 5.171352e-14 8e+10 0.85
String = 0.6570 7.946223e-07 7.850000e+03 7.405664e+02 2.02e+11 5.024717e-14 8e+10 0.85
String = 0.6224 7.830920e-07 7.850000e+03 7.351681e+02 2.02e+11 4.879953e-14 8e+10 0.85
String = 0.5896 7.716932e-07 7.850000e+03 7.297949e+02 2.02e+11 4.738921e-14 8e+10 0.85
String = 0.5586 7.605553e-07 7.850000e+03 7.245709e+02 2.02e+11 4.603114e-14 8e+10 0.85
String = 0.5292 7.497852e-07 7.850000e+03 7.196025e+02 2.02e+11 4.473669e-14 8e+10 0.85
String = 0.5013 7.394666e-07 7.850000e+03 7.149768e+02 2.02e+11 4.351382e-14 8e+10 0.85
String = 0.4750 7.296608e-07 7.850000e+03 7.107617e+02 2.02e+11 4.236744e-14 8e+10 0.85
String = 0.4500 7.204078e-07 7.850000e+03 7.070059e+02 2.02e+11 4.129971e-14 8e+10 0.85
String = 0.4263 7.117278e-07 7.850000e+03 7.037401e+02 2.02e+11 4.031049e-14 8e+10 0.85
String = 0.4039 7.036234e-07 7.850000e+03 7.009784e+02 2.02e+11 3.939768e-14 8e+10 0.85
String = 0.3827 6.960814e-07 7.850000e+03 6.987193e+02 2.02e+11 3.855762e-14 8e+10 0.85
String = 0.3626 6.890755e-07 7.850000e+03 6.969478e+02 2.02e+11 3.778538e-14 8e+10 0.85
String = 0.3435 6.825682e-07 7.850000e+03 6.956371e+02 2.02e+11 3.707509e-14 8e+10 0.85
String = 0.3255 6.765132e-07 7.850000e+03 6.947505e+02 2.02e+11 3.642023e-14 8e+10 0.85
String = 0.3084 6.708574e-07 7.850000e+03 6.942428e+02 2.02e+11 3.581381e-14 8e+10 0.85
String = 0.2922 6.655428e-07 7.850000e+03 6.940624e+02 2.02e+11 3.524862e-14 8e+10 0.85
String = 0.2769 6.605085e-07 7.850000e+03 6.941530e+02 2.02e+11 3.471738e-14 8e+10 0.85
String = 0.2624 6.556919e-07 7.850000e+03 6.944547e+02 2.02e+11 3.421289e-14 8e+10 0.85
String = 0.2486 6.510306e-07 7.850000e+03 6.949058e+02 2.02e+11 3.372818e-14 8e+10 0.85
String = 0.2356 6.464633e-07 7.850000e+03 6.954437e+02 2.02e+11 3.325660e-14 8e+10 0.85
String = 0.2232 6.419309e-07 7.850000e+03 6.960065e+02 2.02e+11 3.279191e-14 8e+10 0.85
String = 0.2115 6.373774e-07 7.850000e+03 6.965335e+02 2.02e+11 3.232835e-14 8e+10 0.85
String = 0.2004 6.327506e-07 7.850000e+03 6.969663e+02 2.02e+11 3.186070e-14 8e+10 0.85
String = 0.1899 6.280025e-07 7.850000e+03 6.972493e+02 2.02e+11 3.138433e-14 8e+10 0.85
String = 0.1800 6.230900e-07 7.850000e+03 6.973305e+02 2.02e+11 3.089524e-14 8e+10 0.85
String = 0.1706 6.179746e-07 7.850000e+03 6.971618e+02 2.02e+11 3.039005e-14 8e+10 0.85
String = 0.1616 6.126233e-07 7.850000e+03 6.966995e+02 2.02e+11 2.986601e-14 8e+10 0.85
String = 0.1532 6.070080e-07 7.850000e+03 6.959043e+02 2.02e+11 2.932102e-14 8e+10 0.85
String = 0.1452 6.011059e-07 7.850000e+03 6.947416e+02 2.02e+11 2.875359e-14 8e+10 0.85
String = 0.1376 5.948988e-07 7.850000e+03 6.931816e+02 2.02e+11 2.816284e-14 8e+10 0.85
String = 0.1304 5.883738e-07 7.850000e+03 6.911993e+02 2.02e+11 2.754843e-14 8e+10 0.85
String = 0.1236 5.815223e-07 7.850000e+03 6.887742e+02 2.02e+11 2.691057e-14 8e+10 0.85
String = 0.1171 5.743401e-07 7.850000e+03 6.858905e+02 2.02e+11 2.624995e-14 8e+10 0.85
String = 0.1110 5.668269e-07 7.850000e+03 6.825369e+02 2.02e+11 2.556767e-14 8e+10 0.85
String = 0.1052 5.589863e-07 7.850000e+03 6.787060e+02 2.02e+11 2.486523e-14 8e+10 0.85
String = 0.0997 5.508252e-07 7.850000e+03 6.743948e+02 2.02e+11 2.414447e-14 8e+10 0.85
String = 0.0945 5.423534e-07 7.850000e+03 6.696037e+02 2.02e+11 2.340750e-14 8e+10 0.85
String = 0.0896 5.335836e-07 7.850000e+03 6.643367e+02 2.02e+11 2.265662e-14 8e+10 0.85
String = 0.0849 5.245307e-07 7.850000e+03 6.586010e+02 2.02e+11 2.189435e-14 8e+10 0.85
String = 0.0805 5.152117e-07 7.850000e+03 6.524067e+02 2.02e+11 2.112329e-14 8e+10 0.85
String = 0.0763 5.056452e-07 7.850000e+03 6.457665e+02 2.02e+11 2.034613e-14 8e+10 0.85
String = 0.0723 4.958512e-07 7.850000e+03 6.386954e+02 2.02e+11 1.956559e-14 8e+10 0.85
String = 0.0686 4.858511e-07 7.850000e+03 6.312105e+02 2.02e+11 1.878436e-14 8e+10 0.85
String = 0.0650 4.756667e-07 7.850000e+03 6.233307e+02 2.02e+11 1.800510e-14 8e+10 0.85
String = 0.0616 4.653206e-07 7.850000e+03 6.150764e+02 2.02e+11 1.723038e-14 8e+10 0.85
String = 0.0584 4.548359e-07 7.850000e+03 6.064692e+02 2.02e+11 1.646264e-14 8e+10 0.85
String = 0.0554 4.442354e-07 7.850000e+03 5.975318e+02 2.02e+11 1.570422e-14 8e+10 0.85
String = 0.0525 4.335422e-07 7.850000e+03 5.882876e+02 2.02e+11 1.495729e-14 8e+10 0.85
String = 0.0498 4.227791e-07 7.850000e+03 5.787608e+02 2.02e+11 1.422385e-14 8e+10 0.85
