Reordering  of  the  dof  for  the  reference  pyramid  of  order  p=1
1 2 3 4 5


Reordering  of  the  dof  for  the  reference  pyramid  of  order  p=2
7 10 3 11 12 4 5 6 2 9 13 14 8 1


Reordering  of  the  dof  for  the  reference  pyramid  of  order  p=3
28 15 26 5 16 23 27 6 17 18 8 7 1 4 3 2 29 30 19 14 24 22 20 21 25 10 12 11 13 9


Reordering  of  the  dof  for  the  reference  pyramid  of  order  p=4
25 31 15 17 13 36 37 40 18 14 9 10 41 52 53 42 44 43 6 5 1 2 8 4 3 26 32 16 33 39 38 49 34 11 12 48 54 45 47 46 7 23 35 24 51 50 30 19 20 55 22 27 29 28 21


Reordering  of  the  dof  for  the  reference  pyramid  of  order  p=5
17 3 61 25 28 21 4 77 72 26 29 22 62 63 82 27 30 23 34 35 55 60 56 57 49 51 50 45 39 38 41 42 43 44 37 36 18 16 64 24 32 15 78 73 31 83 65 66 84 20 85 47 48 58 59 86 53 54 52 46 40 8 14 67 19 13 79 74 87 68 69 88 2 33 89 90 91 7 12 70 11 80 75 71 76 1 6 10 9 81 5 


Reordering  of  the  dof  for  the  reference  pyramid  of  order  p=6
68 85 47 132 1 123 20 86 87 50 133 2 127 21 48 49 92 134 4 124 23 100 101 102 116 3 125 22 13 14 34 129 128 126 24 35 37 36 29 31 18 17 25 26 28 27 32 16 15 69 90 53 135 6 117 88 89 91 136 7 118 51 52 93 137 8 119 103 104 105 120 5 121 11 12 41 131 130 122 38 40 39 30 33 19 66 82 56 138 42 84 83 81 139 43 54 55 94 140 46 106 107 108 115 45 9 10 109 110 111 65 78 59 95 80 79 77 96 57 58 97 98 112 114 113 44 64 74 67 76 75 73 60 61 99 63 70 72 71 62 


Reordering  of  the  dof  for  the  reference  pyramid  of  order  p=7
126 106 175 5 166 23 27 18 107 131 172 6 167 24 28 19 199 200 170 7 169 29 30 22 3 4 164 165 168 17 31 20 187 189 188 73 80 16 32 21 55 56 58 57 81 82 83 92 63 64 65 66 67 53 45 44 47 48 51 49 50 52 43 42 127 123 173 8 152 25 34 124 142 174 10 153 26 36 201 202 171 9 163 33 35 1 2 178 179 154 15 84 190 191 192 74 85 14 86 59 60 62 61 87 88 89 70 72 71 69 68 54 46 125 122 177 93 155 11 121 132 176 95 156 12 203 204 180 94 157 13 96 97 181 182 158 90 193 194 195 75 91 39 40 41 76 77 78 79 112 120 151 103 159 119 133 149 134 160 147 148 150 102 161 98 146 183 184 162 196 198 197 38 37 111 118 130 105 117 135 136 137 144 143 100 101 104 145 185 186 110 116 128 115 138 139 129 140 99 109 114 113 141 108 

Reordering  of  the  dof  for  the  reference  pyramid  of  order  p=8
40 47 25 221 108 116 93 97 89 66 67 71 222 109 119 94 98 90 11 12 257 245 111 117 101 102 92 223 224 246 268 110 118 86 103 91 131 132 133 207 208 209 210 211 212 199 202 200 201 197 180 179 169 168 145 146 187 158 159 157 176 171 172 149 150 188 189 190 177 178 165 164 141 142 144 143 196 161 167 163 162 39 48 46 225 113 120 95 99 69 68 70 226 114 123 96 100 13 14 258 247 115 121 104 105 227 228 248 269 112 122 85 106 134 135 136 213 220 214 215 216 203 206 204 205 198 181 175 170 147 148 153 138 191 160 174 173 151 152 192 193 194 182 183 166 38 26 45 229 81 124 87 64 65 63 230 82 125 88 15 16 259 249 83 270 107 231 232 250 271 80 272 84 128 129 130 217 218 273 219 233 234 251 274 275 184 186 139 140 154 137 195 156 185 37 36 44 235 78 126 61 62 60 236 79 127 17 18 260 252 276 277 237 244 256 278 6 279 7 8 261 4 285 280 238 239 253 281 282 155 31 35 43 240 76 58 59 57 241 77 19 20 262 254 283 74 75 263 2 5 9 10 264 3 284 30 34 42 242 55 56 54 243 21 22 265 255 72 73 266 1 29 33 41 52 53 51 23 24 267 28 32 49 50 27 


Reordering  of  the  dof  for  the  reference  pyramid  of  order  p=9
70 44 117 11 308 197 257 231 235 227 45 75 118 12 309 198 258 232 236 228 110 111 119 13 310 201 259 239 240 230 17 18 344 345 346 200 261 224 241 229 311 312 313 142 368 199 260 246 247 251 127 128 130 129 291 273 274 213 215 209 292 293 294 295 296 185 275 212 216 210 164 165 167 166 168 163 276 214 218 211 169 170 171 172 173 174 277 278 207 206 154 155 157 156 158 152 153 279 205 204 71 46 122 14 314 252 262 233 237 47 76 120 16 315 253 263 234 238 112 113 121 15 316 256 264 242 243 19 20 347 348 349 255 266 223 244 317 318 319 141 369 254 265 248 249 131 132 134 133 297 290 280 203 250 298 299 300 301 302 184 281 202 220 159 160 162 161 175 151 282 217 219 176 177 178 179 180 182 283 284 208 69 48 116 21 320 192 267 225 49 77 114 23 321 193 269 226 108 109 115 22 322 196 268 245 24 25 350 351 352 195 370 221 323 324 325 140 371 194 372 222 135 136 139 138 303 285 373 286 326 327 328 304 305 183 287 288 147 148 150 149 181 146 145 289 68 67 107 26 329 189 270 66 78 105 28 330 190 272 103 104 106 27 331 191 271 29 30 353 354 355 374 375 332 333 334 137 376 5 385 7 8 356 377 378 379 380 335 336 337 307 306 144 143 55 65 102 31 338 186 64 79 100 33 339 187 98 99 101 32 340 188 34 35 357 358 359 381 125 126 362 4 3 6 9 10 360 382 383 384 54 63 97 41 343 62 80 95 81 341 93 94 96 40 342 36 92 367 363 361 123 124 364 2 1 53 61 74 43 60 82 83 84 90 89 38 39 42 91 365 366 52 59 72 58 85 86 73 87 37 51 57 56 88 50 


Reordering  of  the  dof  for  the  reference  pyramid  of  order  p=10
334 335 242 385 210 393 81 188 137 141 133 320 336 243 386 211 394 82 189 138 142 134 319 364 365 387 213 395 85 190 145 146 136 322 368 230 388 212 396 83 193 130 147 135 311 417 418 419 420 451 84 191 152 154 163 313 478 17 18 479 452 453 192 126 155 106 480 481 61 62 482 93 175 187 127 156 108 40 41 43 42 483 176 177 164 125 157 107 44 45 46 47 484 100 118 158 159 160 109 28 30 35 33 485 119 120 113 115 104 103 26 27 36 32 486 110 112 111 116 102 101 337 338 244 389 215 397 86 194 139 143 321 339 245 392 216 398 87 195 140 144 340 366 367 390 217 399 91 196 148 149 323 363 231 391 214 400 89 197 129 150 312 421 422 423 424 454 90 198 153 165 314 487 19 20 488 455 88 199 123 166 489 490 64 63 491 492 186 200 124 167 38 39 48 25 493 178 179 168 122 169 53 54 55 56 494 99 121 161 162 170 29 31 37 34 495 180 181 114 117 105 341 290 288 384 219 401 75 202 131 246 291 289 381 220 402 76 203 132 342 361 362 382 221 403 80 204 151 324 333 302 383 218 404 78 205 128 310 425 426 427 428 429 79 456 174 315 496 15 16 14 430 77 457 95 497 498 66 65 499 500 201 458 98 49 50 52 51 501 182 185 171 97 57 58 59 60 502 92 183 172 173 275 247 285 377 223 405 71 206 248 274 287 380 224 406 72 207 343 344 345 378 225 407 74 208 325 332 303 379 222 408 73 209 309 431 432 433 434 435 459 460 316 503 12 13 11 436 8 461 504 446 447 450 437 438 462 463 21 22 24 23 505 94 184 96 273 271 284 376 227 409 67 260 272 286 373 228 410 68 346 347 348 374 229 411 70 326 331 304 375 226 412 69 308 439 440 441 442 464 465 317 477 5 9 7 6 10 506 443 448 449 444 445 466 254 269 280 372 238 413 259 270 283 369 239 416 349 350 351 370 296 414 327 330 305 371 236 415 307 467 468 469 470 471 318 472 3 4 2 1 253 267 279 294 240 258 268 282 295 241 352 353 354 297 298 328 355 235 234 237 306 473 474 475 476 252 265 278 292 257 266 281 293 356 357 299 300 329 358 233 232 251 263 276 256 264 277 360 359 301 250 261 255 262 249 